0.0618401471602 -0.000853898138488 -0.0342711844132 -0.0143473916383 0.013839768448 -0.0105778369848 -0.0530765310421 0.00193270601218 0.0429687110122 -0.0137731496941 0.00315844639113 -0.00293474260992 -0.00695127003922 -0.00210376908554 -0.00396458280091 0.0120223872064 -0.00789974972811 0.000826252461184 -0.00590191477409 -0.000112944043345 -0.0064530325579 0.0453879989193 -0.0113902096828 0.0161764638588 0.00408919833804 0.00113813476890 0.00171975070884 -0.0292897871603 0.00227455349326 -0.00356897987043 0.00352929644318
-0.000853898138488 0.0136456537238 -0.0204169210412 -0.0169320352513 0.00560062360889 0.00171288621474 -0.00462765078364 -0.0133436170140 0.0236910831382 0.0214725604558 -0.00853966835031 -0.00181936456777 0.00231886915827 -0.00261503167391 -0.000422781467444 0.00809702315452 0.00641879493452 0.0053071891912 0.00631561853246 0.00166938731729 -0.00669876884313 -0.0205210562361 0.00179699336518 -0.00162968181574 -0.00315237797719 0.000644027390783 0.00384787561375 0.00788359090309 -0.00433511339344 -0.00349723959245 -0.00831744174562
-0.0342711844132 -0.0204169210412 0.096009281934 -0.0143471956598 -0.0162436081847 -0.0214674790066 0.0252808155667 0.0220908011634 -0.105593040096 0.0220829137687 0.00847714708142 0.0328744702786 0.0143626513991 0.00461778576859 -0.0118833005144 -0.00636150140657 0.000291940185072 -0.00929890957376 -0.0102531201581 -0.00682895973671 0.0367365580574 0.0134342202204 0.0080717830797 -0.0113737320975 0.00488013751218 0.000537119602084 -0.0152700072847 -0.0148084692896 0.00203518083854 0.00915645339856 0.0048160891656
-0.0143473916383 -0.0169320352513 -0.0143471956598 0.327098236429 -0.0197462729971 0.0516985582723 0.0250204453480 0.00449550860085 -0.00898071122875 -0.374047010926 0.0217222578505 -0.0305349924147 -0.0274900968969 0.0210784834719 0.0157601724622 -0.00728775894826 0.0164664870219 -0.0135013415036 -0.0146321708516 -0.00621541556225 0.0219919557944 -0.0203367125780 -0.0303552383306 -0.0160675220394 0.0314503176273 -0.00242646650097 -0.0144233894786 0.0745734310879 0.0130711521522 0.00856839313443 -0.0175368819163
0.013839768448 0.00560062360889 -0.0162436081847 -0.0197462729971 0.121825962613 0.00591885995704 0.00639850059743 -0.00131078035183 -0.00997730514452 -0.030519781442 -0.0495926278855 -0.0168238360712 -0.00811398503388 -0.00617079099784 0.0251556943953 0.058652121495 -0.0312441584947 -0.0115974197663 0.0030738788888 0.000716657735407 -0.00748522162928 -0.00566196491062 -0.00333218583899 0.0214254787094 -0.0151970554251 0.00116469741860 0.00855141327632 -0.00272405381656 -0.0340606331386 0.00122037189512 -0.0185362589110
-0.0105778369848 0.00171288621474 -0.0214674790066 0.0516985582723 0.00591885995704 0.0511961734212 0.0138728511193 0.000147601341053 0.0121299280847 -0.0762701891623 -0.00495582119021 -0.0551092403795 -0.0134260055901 -0.00260811246993 0.0241055261988 0.0252647337996 -0.00552653511322 -0.00185358392049 2.78475581669e-05 0.00111117545158 -0.0146427444694 -0.0142689582709 -0.00165415112697 0.00589115377931 0.0101037633945 -0.000363747180148 -0.000124737869860 0.0135758246293 0.00269192684578 -1.54177394216e-05 -0.0063515314248
-0.0530765310421 -0.00462765078364 0.0252808155667 0.0250204453480 0.00639850059743 0.0138728511193 0.113479420367 0.00345824422615 -0.0746278284223 -0.0160181082012 0.0071326932225 -0.0148490644762 -0.0484416714220 0.00229954943359 0.0526311560907 -0.0212495143836 -0.00168086609635 -0.00613987805534 0.000415821058886 -0.000631809548724 -0.00310155138879 -0.0228680293989 0.00414266086187 -0.0066490331997 -0.0123770726716 -0.000498500092184 -0.000182632167645 0.0351151838923 -0.0173283859733 0.0137607836140 0.00279520897695
0.00193270601218 -0.0133436170140 0.0220908011634 0.00449550860085 -0.00131078035183 0.000147601341053 0.00345824422615 0.0265614256621 -0.0439675920065 -0.0283440242769 0.0094361932229 0.000125973152205 -0.00791206154482 -0.0110193933121 0.0241661404201 0.0160757337134 -0.0135343461500 -0.00654116746672 -0.00277414093145 -0.00342038138769 0.00356818181858 0.0243709479592 0.00329374562692 0.00637951170196 0.00529519583254 0.00122200721415 -0.00585757285215 -0.0165981612754 0.00266132486136 -0.000123482683928 -0.000248080807134
0.0429687110122 0.0236910831382 -0.105593040096 -0.00898071122875 -0.00997730514452 0.0121299280847 -0.0746278284223 -0.0439675920065 0.216834890868 0.00346902566433 -0.0122677149568 -0.0452608080115 0.0153425262406 0.0141434392596 -0.0955607387033 0.0190006574268 0.00689914090603 0.0451762002329 0.0216308357319 0.0114500387833 -0.049101142918 -0.00115843592099 -0.00118708662571 0.00712766582523 -0.00531429030248 -0.00531691770811 0.0334199956115 -0.0123305287257 0.0148665011602 -0.0191814118103 0.00329728521560
-0.0137731496941 0.0214725604558 0.0220829137687 -0.374047010926 -0.030519781442 -0.0762701891623 -0.0160181082012 -0.0283440242769 0.00346902566433 0.761213397871 -0.0119325811009 0.103432199680 0.0619270934225 -0.0131749043111 -0.0376107611287 -0.396491865769 0.0188310884043 -0.00688816396439 -0.00520515723169 0.025763993473 -0.0111271180772 0.000212212601412 0.0418488008973 -0.0156898908784 -0.0269321255484 -0.00571879435598 0.0231846846695 0.0091129061012 -0.0198064864788 -0.00473163454923 0.0217234947895
0.00315844639113 -0.00853966835031 0.00847714708142 0.0217222578505 -0.0495926278855 -0.00495582119021 0.0071326932225 0.0094361932229 -0.0122677149568 -0.0119325811009 0.129361269884 0.0185236031355 -0.000207815885514 0.00454325368887 -0.0173836062864 -0.0718395424886 -0.0379629686392 -0.0170905342444 -0.00986458147471 -0.00481769788273 0.0288126945413 0.074071232966 -0.0355997611981 -0.0205383026438 -0.000218150725843 -0.000621522529054 -0.00763799692476 -0.0120212438697 -0.00213698604885 0.0241107738484 -0.0132554425166
-0.00293474260992 -0.00181936456777 0.0328744702786 -0.0305349924147 -0.0168238360712 -0.0551092403795 -0.0148490644762 0.000125973152205 -0.0452608080115 0.103432199680 0.0185236031355 0.112589735106 0.0311673040486 0.00563571305614 -0.0167969275174 -0.102812363693 0.00654798868182 -0.0503831937448 -0.0117147345762 -0.00517647060829 0.0446347997736 0.0271338971459 -0.00855251759009 -0.0169709018040 -0.00166896829057 0.00123399457067 -0.0154516997955 0.00278123107724 0.000815490876472 0.00985023808158 0.00213205202857
-0.00695127003922 0.00231886915827 0.0143626513991 -0.0274900968969 -0.00811398503388 -0.0134260055901 -0.0484416714220 -0.00791206154482 0.0153425262406 0.0619270934225 -0.000207815885514 0.0311673040486 0.111161042776 0.00611284756584 -0.0769015055598 -0.0279038074036 0.0105987735044 -0.0170368503471 -0.0499067581273 0.00108556532640 0.0598931828859 -0.0228554020467 -0.00338157179246 -0.0127933524067 -0.00586144956952 -0.00160524944554 -0.0126969452545 0.0163221937178 0.00202682579864 0.0120688859817 7.80730053527e-05
-0.00210376908554 -0.00261503167391 0.00461778576859 0.0210784834719 -0.00617079099784 -0.00260811246993 0.00229954943359 -0.0110193933121 0.0141434392596 -0.0131749043111 0.00454325368887 0.00563571305614 0.00611284756584 0.0274060702587 -0.0448229275956 -0.0305749656045 0.0101299051930 -0.000619988742921 -0.00925191249084 -0.0119027219944 0.0291906092933 0.0174582378834 -0.0126926716100 -0.0067246831953 0.00294327762776 -0.0018688614194 -0.00312890063749 0.00521316822313 0.00500962089392 0.00431177677055 -0.00096279165541
-0.00396458280091 -0.000422781467444 -0.0118833005144 0.0157601724622 0.0251556943953 0.0241055261988 0.0526311560907 0.0241661404201 -0.0955607387033 -0.0376107611287 -0.0173836062864 -0.0167969275174 -0.0769015055598 -0.0448229275956 0.215257351572 0.0159324082684 -0.0147741769517 -0.0414337673300 0.0227230062273 0.0167072671083 -0.107239903259 0.00222540029675 0.00601498376036 0.0436429788651 0.00551183792426 0.0043720430435 -0.000573518145452 0.00369275446731 -0.00394253915766 -0.0095204811992 0.00846039139967
0.0120223872064 0.00809702315452 -0.00636150140657 -0.00728775894826 0.058652121495 0.0252647337996 -0.0212495143836 0.0160757337134 0.0190006574268 -0.396491865769 -0.0718395424886 -0.102812363693 -0.0279038074036 -0.0305749656045 0.0159324082684 0.799067723345 -0.0149798461710 0.095463517194 0.060650723507 -0.0136295731127 -0.0373879502835 -0.400374513878 0.0160264179122 0.000377432501989 -0.0235201232442 0.0200315721574 0.00881609934694 0.00508625994786 0.0138975839754 -0.0183158537298 -0.000436270469093
-0.00789974972811 0.00641879493452 0.000291940185072 0.0164664870219 -0.0312441584947 -0.00552653511322 -0.00168086609635 -0.0135343461500 0.00689914090603 0.0188310884043 -0.0379629686392 0.00654798868182 0.0105987735044 0.0101299051930 -0.0147741769517 -0.0149798461710 0.130835457418 0.0217670492188 -0.00184765511123 0.00131304100046 -0.00505900197355 -0.0758360604106 -0.0362724430163 -0.0221645937839 0.000830389178257 -0.00432671501276 0.0126428765891 0.0555184850226 -0.0219535782777 -0.000528468170208 -0.0179118568756
0.000826252461184 0.0053071891912 -0.00929890957376 -0.0135013415036 -0.0115974197663 -0.00185358392049 -0.00613987805534 -0.00654116746672 0.0451762002329 -0.00688816396439 -0.0170905342444 -0.0503831937448 -0.0170368503471 -0.000619988742921 -0.0414337673300 0.095463517194 0.0217670492188 0.108584321927 0.0295640116557 0.00462484732466 -0.0173658765947 -0.0955420271612 0.0132689943500 -0.0476849494542 -0.0072133326234 -0.0027707544783 0.0229225318859 0.0204680181461 -0.00502276522322 -0.00862513852086 -0.00533981269107
-0.00590191477409 0.00631561853246 -0.0102531201581 -0.0146321708516 0.0030738788888 2.78475581669e-05 0.000415821058886 -0.00277414093145 0.0216308357319 -0.00520515723169 -0.00986458147471 -0.0117147345762 -0.0499067581273 -0.00925191249084 0.0227230062273 0.060650723507 -0.00184765511123 0.0295640116557 0.10782286633 0.00583589526639 -0.0782436293735 -0.0340733714738 0.0143206897386 -0.0137305025865 -0.0524297903579 -0.000125611767120 0.0441430741296 -0.00674012270503 -0.00493038790272 -0.00409864911444 -0.00310606581356
-0.000112944043345 0.00166938731729 -0.00682895973671 -0.00621541556225 0.000716657735407 0.00111117545158 -0.000631809548724 -0.00342038138769 0.0114500387833 0.025763993473 -0.00481769788273 -0.00517647060829 0.00108556532640 -0.0119027219944 0.0167072671083 -0.0136295731127 0.00131304100046 0.00462484732466 0.00583589526639 0.0268474146722 -0.0471299243763 -0.0237964929280 0.0119656715486 0.00168881320584 -0.00617671264963 -0.0131937658171 0.0258015716966 0.0178774624776 -0.00941593134511 -0.0022436114787 0.000218914607158
-0.0064530325579 -0.00669876884313 0.0367365580574 0.0219919557944 -0.00748522162928 -0.0146427444694 -0.00310155138879 0.00356818181858 -0.049101142918 -0.0111271180772 0.0288126945413 0.0446347997736 0.0598931828859 0.0291906092933 -0.107239903259 -0.0373879502835 -0.00505900197355 -0.0173658765947 -0.0782436293735 -0.0471299243763 0.231982245814 0.00591990251834 -0.0205310416940 -0.0523130620382 0.0279047403952 0.0210699614676 -0.112377981235 0.0206032833160 0.00373241938754 0.039631808137 0.00508032663308
0.0453879989193 -0.0205210562361 0.0134342202204 -0.0203367125780 -0.00566196491062 -0.0142689582709 -0.0228680293989 0.0243709479592 -0.00115843592099 0.000212212601412 0.074071232966 0.0271338971459 -0.0228554020467 0.0174582378834 0.00222540029675 -0.400374513878 -0.0758360604106 -0.0955420271612 -0.0340733714738 -0.0237964929280 0.00591990251834 0.796466248985 -0.0244111224072 0.099240826922 0.0344073899612 0.00248783466257 -0.0204222907454 -0.375967319318 0.0330944234534 -0.0167757884129 0.0174609173650
-0.0113902096828 0.00179699336518 0.0080717830797 -0.0303552383306 -0.00333218583899 -0.00165415112697 0.00414266086187 0.00329374562692 -0.00118708662571 0.0418488008973 -0.0355997611981 -0.00855251759009 -0.00338157179246 -0.0126926716100 0.00601498376036 0.0160264179122 -0.0362724430163 0.0132689943500 0.0143206897386 0.0119656715486 -0.0205310416940 -0.0244111224072 0.11992593379 0.0127418110193 -0.00369144122255 -0.00436348503566 0.00763149853437 -0.00310882021919 -0.0418600145834 -0.0158117266883 -0.00660900991298
0.0161764638588 -0.00162968181574 -0.0113737320975 -0.0160675220394 0.0214254787094 0.00589115377931 -0.0066490331997 0.00637951170196 0.00712766582523 -0.0156898908784 -0.0205383026438 -0.0169709018040 -0.0127933524067 -0.0067246831953 0.0436429788651 0.000377432501989 -0.0221645937839 -0.0476849494542 -0.0137305025865 0.00168881320584 -0.0523130620382 0.099240826922 0.0127418110193 0.110194272732 0.0169961539204 0.000285940408437 0.0129159021807 -0.0678608835873 0.00869476329352 -0.0514631562978 0.00208584472158
0.00408919833804 -0.00315237797719 0.00488013751218 0.0314503176273 -0.0151970554251 0.0101037633945 -0.0123770726716 0.00529519583254 -0.00531429030248 -0.0269321255484 -0.000218150725843 -0.00166896829057 -0.00586144956952 0.00294327762776 0.00551183792426 -0.0235201232442 0.000830389178257 -0.0072133326234 -0.0524297903579 -0.00617671264963 0.0279047403952 0.0344073899612 -0.00369144122255 0.0169961539204 0.0665795528081 0.00109073435991 -0.0329821238899 -0.0154053757972 0.017957038823 -0.0181624519223 -0.00348884546591
0.00113813476890 0.000644027390783 0.000537119602084 -0.00242646650097 0.00116469741860 -0.000363747180148 -0.000498500092184 0.00122200721415 -0.00531691770811 -0.00571879435598 -0.000621522529054 0.00123399457067 -0.00160524944554 -0.0018688614194 0.0043720430435 0.0200315721574 -0.00432671501276 -0.0027707544783 -0.000125611767120 -0.0131937658171 0.0210699614676 0.00248783466257 -0.00436348503566 0.000285940408437 0.00109073435991 0.0131963114463 -0.0206626522515 -0.0143742277892 0.00608060378252 0.00155283947152 0.00910140069688
0.00171975070884 0.00384787561375 -0.0152700072847 -0.0144233894786 0.00855141327632 -0.000124737869860 -0.000182632167645 -0.00585757285215 0.0334199956115 0.0231846846695 -0.00763799692476 -0.0154516997955 -0.0126969452545 -0.00312890063749 -0.000573518145452 0.00881609934694 0.0126428765891 0.0229225318859 0.0441430741296 0.0258015716966 -0.112377981235 -0.0204222907454 0.00763149853437 0.0129159021807 -0.0329821238899 -0.0206626522515 0.0948025273472 0.00284487366054 -0.0166918200410 -0.0200866833884 -0.0218393518432
-0.0292897871603 0.00788359090309 -0.0148084692896 0.0745734310879 -0.00272405381656 0.0135758246293 0.0351151838923 -0.0165981612754 -0.0123305287257 0.0091129061012 -0.0120212438697 0.00278123107724 0.0163221937178 0.00521316822313 0.00369275446731 0.00508625994786 0.0555184850226 0.0204680181461 -0.00674012270503 0.0178774624776 0.0206032833160 -0.375967319318 -0.00310882021919 -0.0678608835873 -0.0154053757972 -0.0143742277892 0.00284487366054 0.287195323174 -0.0402565568392 0.0312549692232 -0.0214270305931
0.00227455349326 -0.00433511339344 0.00203518083854 0.0130711521522 -0.0340606331386 0.00269192684578 -0.0173283859733 0.00266132486136 0.0148665011602 -0.0198064864788 -0.00213698604885 0.000815490876472 0.00202682579864 0.00500962089392 -0.00394253915766 0.0138975839754 -0.0219535782777 -0.00502276522322 -0.00493038790272 -0.00941593134511 0.00373241938754 0.0330944234534 -0.0418600145834 0.00869476329352 0.017957038823 0.00608060378252 -0.0166918200410 -0.0402565568392 0.103231698737 -0.0072817452791 0.000455247643721
-0.00356897987043 -0.00349723959245 0.00915645339856 0.00856839313443 0.00122037189512 -1.54177394216e-05 0.0137607836140 -0.000123482683928 -0.0191814118103 -0.00473163454923 0.0241107738484 0.00985023808158 0.0120688859817 0.00431177677055 -0.0095204811992 -0.0183158537298 -0.000528468170208 -0.00862513852086 -0.00409864911444 -0.0022436114787 0.039631808137 -0.0167757884129 -0.0158117266883 -0.0514631562978 -0.0181624519223 0.00155283947152 -0.0200866833884 0.0312549692232 -0.0072817452791 0.0501778537284 0.00568188143067
0.00352929644318 -0.00831744174562 0.0048160891656 -0.0175368819163 -0.0185362589110 -0.0063515314248 0.00279520897695 -0.000248080807134 0.00329728521560 0.0217234947895 -0.0132554425166 0.00213205202857 7.80730053527e-05 -0.00096279165541 0.00846039139967 -0.000436270469093 -0.0179118568756 -0.00533981269107 -0.00310606581356 0.000218914607158 0.00508032663308 0.0174609173650 -0.00660900991298 0.00208584472158 -0.00348884546591 0.00910140069688 -0.0218393518432 -0.0214270305931 0.000455247643721 0.00568188143067 1.33413277387
