29.4689473398 37.0039788759 21.1155351225 2.40196538372 -1.95273291932 10.3215349500
37.0039788759 157.493407601 50.8291351163 8.83644562533 -3.23991854262 17.6715357709
21.1155351225 50.8291351163 31.5231759455 3.00618038948 -0.632930695777 12.6716026392
2.40196538372 8.83644562533 3.00618038948 3.93572662298 0.692506337826 -2.01146735522
-1.95273291932 -3.23991854262 -0.632930695777 0.692506337826 8.14570239567 -2.1040062285
10.3215349500 17.6715357709 12.6716026392 -2.01146735522 -2.1040062285 24.5367415172
